place(1.24, 1.00, -29.68, "Soldier", 375)
place(1.49, 1.00, -26.41, "Soldier", 375)
place(-5.59, 1.00, -28.42, "Soldier", 375)
place(-5.28, 1.00, -25.36, "Soldier", 375)
upgrade(-5.59, 1.00, -28.42)
upgrade(-5.59, 1.00, -28.42)
upgrade(1.24, 1.00, -29.68)
upgrade(1.24, 1.00, -29.68)
upgrade(1.49, 1.00, -26.41)
upgrade(1.49, 1.00, -26.41)
upgrade(-5.28, 1.00, -25.36)
upgrade(-5.28, 1.00, -25.36)
place(-5.50, 1.00, -31.60, "Soldier", 375)
upgrade(-5.50, 1.00, -31.60)
upgrade(-5.50, 1.00, -31.60)
place(0.51, 1.00, -32.86, "Soldier", 375)
upgrade(0.51, 1.00, -32.86)
upgrade(0.51, 1.00, -32.86)
place(1.65, 1.00, -36.31, "Soldier", 375)
upgrade(1.65, 1.00, -36.31)
upgrade(1.65, 1.00, -36.31)
place(-6.03, 1.00, -35.28, "Soldier", 375)
upgrade(-6.03, 1.00, -35.28)
upgrade(-6.03, 1.00, -35.28)
place(-8.54, 0.95, -32.73, "Soldier", 375)
upgrade(-8.54, 0.95, -32.73)
upgrade(-8.54, 0.95, -32.73)
place(-8.54, 1.00, -29.59, "Soldier", 375)
upgrade(-8.54, 1.00, -29.59)
upgrade(-8.54, 1.00, -29.59)
place(3.48, 1.00, -33.64, "Soldier", 375)
upgrade(3.48, 1.00, -33.64)
upgrade(3.48, 1.00, -33.64)
place(4.66, 0.95, -36.84, "Soldier", 375)
upgrade(4.66, 0.95, -36.84)
upgrade(4.66, 0.95, -36.84)
place(4.22, 1.00, -30.29, "Soldier", 375)
upgrade(4.22, 1.00, -30.29)
upgrade(4.22, 1.00, -30.29)
place(-8.40, 1.00, -26.47, "Soldier", 375)
upgrade(-8.40, 1.00, -26.47)
upgrade(-8.40, 1.00, -26.47)
place(-11.86, 0.95, -29.93, "Soldier", 375)
upgrade(-11.86, 0.95, -29.93)
upgrade(-11.86, 0.95, -29.93)
place(-11.74, 1.00, -26.61, "Soldier", 375)
upgrade(-11.74, 1.00, -26.61)
upgrade(-11.74, 1.00, -26.61)
place(-5.45, 1.00, -22.21, "Soldier", 375)
upgrade(-5.45, 1.00, -22.21)
upgrade(-5.45, 1.00, -22.21)
place(4.50, 1.00, -26.89, "Soldier", 375)
upgrade(4.50, 1.00, -26.89)
upgrade(4.50, 1.00, -26.89)
place(1.49, 1.00, -23.36, "Soldier", 375)
upgrade(1.49, 1.00, -23.36)
upgrade(1.49, 1.00, -23.36)
place(4.52, 1.00, -23.80, "Soldier", 375)
upgrade(4.52, 1.00, -23.80)
upgrade(4.52, 1.00, -23.80)
place(-8.54, 1.00, -23.24, "Soldier", 375)
upgrade(-8.54, 1.00, -23.24)
upgrade(-8.54, 1.00, -23.24)
upgrade(-8.54, 1.00, -29.59)
upgrade(-6.03, 1.00, -35.28)
upgrade(-5.28, 1.00, -25.36)
upgrade(-8.54, 0.95, -32.73)
upgrade(-5.59, 1.00, -28.42)
upgrade(1.24, 1.00, -29.68)
upgrade(-8.40, 1.00, -26.47)
